15	31775329	32162992	ENSG00000169918	122	0.8184238603802108	0.41240433712301994	0.2939158115900402	0.1707484250886281	0.12265146797943986	0.23476523	0.01507	0.47969675	0.22513443	0.115038216	0.01	0
15	31775329	32162992	ENSG00000169918	122	0.8184238603802108	0.41240433712301994	0.2939158115900402	0.1707484250886281	0.12265146797943986	0.051429484	0.005028	0.08230674	0.109427154	0.36729592	0.01	1
15	31775329	32162992	ENSG00000169918	122	0.8184238603802108	0.41240433712301994	0.2939158115900402	0.1707484250886281	0.12265146797943986	0.26273727	0.002045	0.34674627	0.22227144	0.2702977	0.01	2
15	31775329	32162992	ENSG00000169918	122	0.8184238603802108	0.41240433712301994	0.2939158115900402	0.1707484250886281	0.12265146797943986	0.14685315	0.002728	0.2518018	0.3402021	0.14428419	0.01	3
15	31775329	32162992	ENSG00000169918	122	0.8184238603802108	0.41240433712301994	0.2939158115900402	0.1707484250886281	0.12265146797943986	0.24675325	0.0133	0.46908468	0.4783064	0.28556818	0.01	4
15	31775329	32162992	ENSG00000169918	122	0.8184238603802108	0.41240433712301994	0.2939158115900402	0.1707484250886281	0.12265146797943986	0.42457542	0.00959	0.5438958	0.4338557	0.36425036	0.01	5
15	31775329	32162992	ENSG00000169918	122	0.8184238603802108	0.41240433712301994	0.2939158115900402	0.1707484250886281	0.12265146797943986	0.8931069	0.015	0.95714825	0.8706499	0.8243402	0.01	6
15	31775329	32162992	ENSG00000169918	122	0.8184238603802108	0.41240433712301994	0.2939158115900402	0.1707484250886281	0.12265146797943986	0.46853146	0.01504	0.6932168	0.68923604	0.3749721	0.01	7
15	31775329	32162992	ENSG00000169918	122	0.8184238603802108	0.41240433712301994	0.2939158115900402	0.1707484250886281	0.12265146797943986	0.21778221	0.004844	0.25616306	0.53969824	0.4904676	0.01	8
15	31775329	32162992	ENSG00000169918	122	0.8184238603802108	0.41240433712301994	0.2939158115900402	0.1707484250886281	0.12265146797943986	0.11588412	0.009638	0.24217087	0.45478237	0.15313059	0.01	9
15	31775329	32162992	ENSG00000169918	122	0.8184238603802108	0.41240433712301994	0.2939158115900402	0.1707484250886281	0.12265146797943986	0.17982018	0.01357	0.25621837	0.40113848	0.4137621	0.01	10
15	31775329	32162992	ENSG00000169918	122	0.8184238603802108	0.41240433712301994	0.2939158115900402	0.1707484250886281	0.12265146797943986	0.026339736	0.002325	0.045582473	0.15487969	0.384956	0.01	11
15	31775329	32162992	ENSG00000169918	122	0.8184238603802108	0.41240433712301994	0.2939158115900402	0.1707484250886281	0.12265146797943986	0.4925075	0.004142	0.6401188	0.32526672	0.15521938	0.01	12
15	31775329	32162992	ENSG00000169918	122	0.8184238603802108	0.41240433712301994	0.2939158115900402	0.1707484250886281	0.12265146797943986	0.75024974	0.004032	0.68027663	0.35585093	0.30047613	0.01	13
15	31775329	32162992	ENSG00000169918	122	0.8184238603802108	0.41240433712301994	0.2939158115900402	0.1707484250886281	0.12265146797943986	0.0400296	3.603E-4	0.048141837	0.049525797	0.06620294	0.01	14
15	31775329	32162992	ENSG00000169918	122	0.8184238603802108	0.41240433712301994	0.2939158115900402	0.1707484250886281	0.12265146797943986	0.22077923	7.783E-4	0.27194762	0.055229843	0.14020175	0.01	15
15	31775329	32162992	ENSG00000169918	122	0.8184238603802108	0.41240433712301994	0.2939158115900402	0.1707484250886281	0.12265146797943986	0.003699963	2.223E-4	0.008313954	0.006080568	0.009862721	0.01	16
15	31775329	32162992	ENSG00000169918	122	0.8184238603802108	0.41240433712301994	0.2939158115900402	0.1707484250886281	0.12265146797943986	0.5944056	0.01191	0.6475464	0.61631584	0.42332965	0.01	17
15	31775329	32162992	ENSG00000169918	122	0.8184238603802108	0.41240433712301994	0.2939158115900402	0.1707484250886281	0.12265146797943986	0.5674326	0.01338	0.71077895	0.55313975	0.34697372	0.01	18
15	31775329	32162992	ENSG00000169918	122	0.8184238603802108	0.41240433712301994	0.2939158115900402	0.1707484250886281	0.12265146797943986	0.3956044	0.0138	0.40916824	0.091780365	0.3947677	0.01	19
15	31775329	32162992	ENSG00000169918	122	0.8184238603802108	0.41240433712301994	0.2939158115900402	0.1707484250886281	0.12265146797943986	0.013829862	6.9E-4	0.05062461	0.25750822	0.3938557	0.01	20
15	31775329	32162992	ENSG00000169918	122	0.8184238603802108	0.41240433712301994	0.2939158115900402	0.1707484250886281	0.12265146797943986	0.5404595	0.01437	0.48929822	0.657437	0.69415313	0.01	21
15	31775329	32162992	ENSG00000169918	122	0.8184238603802108	0.41240433712301994	0.2939158115900402	0.1707484250886281	0.12265146797943986	0.27572426	0.003145	0.17521262	0.018994808	0.02352047	0.01	22
15	31775329	32162992	ENSG00000169918	122	0.8184238603802108	0.41240433712301994	0.2939158115900402	0.1707484250886281	0.12265146797943986	0.18581419	0.003847	0.4143799	0.5743327	0.38950217	0.01	23
15	31775329	32162992	ENSG00000169918	122	0.8184238603802108	0.41240433712301994	0.2939158115900402	0.1707484250886281	0.12265146797943986	0.5404595	0.009052	0.47952527	0.6671417	0.68070257	0.01	24
15	31775329	32162992	ENSG00000169918	122	0.8184238603802108	0.41240433712301994	0.2939158115900402	0.1707484250886281	0.12265146797943986	0.11188811	0.008675	0.041392982	0.008060634	0.018339634	0.01	25
15	31775329	32162992	ENSG00000169918	122	0.8184238603802108	0.41240433712301994	0.2939158115900402	0.1707484250886281	0.12265146797943986	0.65134865	0.00372	0.7169254	0.50423336	0.26224285	0.01	26
15	31775329	32162992	ENSG00000169918	122	0.8184238603802108	0.41240433712301994	0.2939158115900402	0.1707484250886281	0.12265146797943986	0.7732268	0.01195	0.8956653	0.9119792	0.8873589	0.01	27
15	31775329	32162992	ENSG00000169918	122	0.8184238603802108	0.41240433712301994	0.2939158115900402	0.1707484250886281	0.12265146797943986	0.07189928	7.343E-4	0.11369687	0.036316097	0.0069516897	0.01	28
15	31775329	32162992	ENSG00000169918	122	0.8184238603802108	0.41240433712301994	0.2939158115900402	0.1707484250886281	0.12265146797943986	0.15084915	0.01424	0.18648803	0.021062076	0.07581365	0.01	29
15	31775329	32162992	ENSG00000169918	122	0.8184238603802108	0.41240433712301994	0.2939158115900402	0.1707484250886281	0.12265146797943986	0.13986014	0.001188	0.18935889	0.11094326	0.19842088	0.01	30
15	31775329	32162992	ENSG00000169918	122	0.8184238603802108	0.41240433712301994	0.2939158115900402	0.1707484250886281	0.12265146797943986	0.21678321	5.791E-4	0.5327858	0.29542875	0.11665684	0.01	31
15	31775329	32162992	ENSG00000169918	122	0.8184238603802108	0.41240433712301994	0.2939158115900402	0.1707484250886281	0.12265146797943986	0.09847902	0.007886	0.15125006	0.23357892	0.1426509	0.01	32
15	31775329	32162992	ENSG00000169918	122	0.8184238603802108	0.41240433712301994	0.2939158115900402	0.1707484250886281	0.12265146797943986	0.35764235	0.01489	0.38892257	0.44202322	0.6220696	0.01	33
15	31775329	32162992	ENSG00000169918	122	0.8184238603802108	0.41240433712301994	0.2939158115900402	0.1707484250886281	0.12265146797943986	0.5564436	0.01382	0.5090159	0.6030481	0.5374865	0.01	34
15	31775329	32162992	ENSG00000169918	122	0.8184238603802108	0.41240433712301994	0.2939158115900402	0.1707484250886281	0.12265146797943986	0.23776224	0.004578	0.19213355	0.07401055	0.122520626	0.01	35
15	31775329	32162992	ENSG00000169918	122	0.8184238603802108	0.41240433712301994	0.2939158115900402	0.1707484250886281	0.12265146797943986	0.18581419	0.0103	0.22967035	0.23658389	0.12321526	0.01	36
15	31775329	32162992	ENSG00000169918	122	0.8184238603802108	0.41240433712301994	0.2939158115900402	0.1707484250886281	0.12265146797943986	0.37462538	0.01446	0.43738222	0.69699544	0.58432186	0.01	37
15	31775329	32162992	ENSG00000169918	122	0.8184238603802108	0.41240433712301994	0.2939158115900402	0.1707484250886281	0.12265146797943986	0.15084915	0.008626	0.54414475	0.32373333	0.15001476	0.01	38
15	31775329	32162992	ENSG00000169918	122	0.8184238603802108	0.41240433712301994	0.2939158115900402	0.1707484250886281	0.12265146797943986	0.72327673	0.01444	0.4462694	0.41659212	0.57449496	0.01	39
15	31775329	32162992	ENSG00000169918	122	0.8184238603802108	0.41240433712301994	0.2939158115900402	0.1707484250886281	0.12265146797943986	0.02691973	2.983E-4	0.0463506	0.14187497	0.22688866	0.01	40
15	31775329	32162992	ENSG00000169918	122	0.8184238603802108	0.41240433712301994	0.2939158115900402	0.1707484250886281	0.12265146797943986	0.10689311	0.003359	0.19450855	0.47108495	0.48794615	0.01	41
15	31775329	32162992	ENSG00000169918	122	0.8184238603802108	0.41240433712301994	0.2939158115900402	0.1707484250886281	0.12265146797943986	0.123876125	0.003554	0.15330768	0.2058577	0.4093873	0.01	42
15	31775329	32162992	ENSG00000169918	122	0.8184238603802108	0.41240433712301994	0.2939158115900402	0.1707484250886281	0.12265146797943986	0.12587413	0.009059	0.20957953	0.6149554	0.3842734	0.01	43
15	31775329	32162992	ENSG00000169918	122	0.8184238603802108	0.41240433712301994	0.2939158115900402	0.1707484250886281	0.12265146797943986	0.028389717	0.003153	0.061221242	0.15738428	0.13446897	0.01	44
15	31775329	32162992	ENSG00000169918	122	0.8184238603802108	0.41240433712301994	0.2939158115900402	0.1707484250886281	0.12265146797943986	0.16083916	0.004011	0.19086921	0.27292496	0.5651194	0.01	45
15	31775329	32162992	ENSG00000169918	122	0.8184238603802108	0.41240433712301994	0.2939158115900402	0.1707484250886281	0.12265146797943986	0.13186814	0.01406	0.2060253	0.38864732	0.7425873	0.01	46
15	31775329	32162992	ENSG00000169918	122	0.8184238603802108	0.41240433712301994	0.2939158115900402	0.1707484250886281	0.12265146797943986	0.1058941	5.958E-4	0.2302835	0.42989975	0.61359775	0.01	47
15	31775329	32162992	ENSG00000169918	122	0.8184238603802108	0.41240433712301994	0.2939158115900402	0.1707484250886281	0.12265146797943986	0.1978022	0.003112	0.20289737	0.23260039	0.32048905	0.01	48
15	31775329	32162992	ENSG00000169918	122	0.8184238603802108	0.41240433712301994	0.2939158115900402	0.1707484250886281	0.12265146797943986	0.0055199447	6.01E-4	0.046080947	0.02062732	0.018211007	0.01	49
15	31775329	32162992	ENSG00000169918	122	0.8184238603802108	0.41240433712301994	0.2939158115900402	0.1707484250886281	0.12265146797943986	0.02714973	3.247E-4	0.05049616	0.097732365	0.31251168	0.01	50
15	31775329	32162992	ENSG00000169918	122	0.8184238603802108	0.41240433712301994	0.2939158115900402	0.1707484250886281	0.12265146797943986	0.012699873	3.306E-5	0.079948425	0.034810245	0.049457908	0.01	51
15	31775329	32162992	ENSG00000169918	122	0.8184238603802108	0.41240433712301994	0.2939158115900402	0.1707484250886281	0.12265146797943986	0.6363636	0.0143	0.6132008	0.185781	0.16739279	0.01	52
15	31775329	32162992	ENSG00000169918	122	0.8184238603802108	0.41240433712301994	0.2939158115900402	0.1707484250886281	0.12265146797943986	0.015799843	0.002885	0.047509313	0.25542527	0.14978391	0.01	53
15	31775329	32162992	ENSG00000169918	122	0.8184238603802108	0.41240433712301994	0.2939158115900402	0.1707484250886281	0.12265146797943986	0.073599264	0.008532	0.11613023	0.3214119	0.28817457	0.01	54
15	31775329	32162992	ENSG00000169918	122	0.8184238603802108	0.41240433712301994	0.2939158115900402	0.1707484250886281	0.12265146797943986	0.03507965	0.002299	0.05767852	0.31203312	0.5764934	0.01	55
15	31775329	32162992	ENSG00000169918	122	0.8184238603802108	0.41240433712301994	0.2939158115900402	0.1707484250886281	0.12265146797943986	0.11388611	0.006538	0.10487795	0.059000492	0.11194074	0.01	56
15	31775329	32162992	ENSG00000169918	122	0.8184238603802108	0.41240433712301994	0.2939158115900402	0.1707484250886281	0.12265146797943986	0.00699993	0.00163	0.024817705	0.22860444	0.19997162	0.01	57
15	31775329	32162992	ENSG00000169918	122	0.8184238603802108	0.41240433712301994	0.2939158115900402	0.1707484250886281	0.12265146797943986	0.13686314	0.01353	0.28245103	0.46361625	0.32479757	0.01	58
15	31775329	32162992	ENSG00000169918	122	0.8184238603802108	0.41240433712301994	0.2939158115900402	0.1707484250886281	0.12265146797943986	0.006279937	4.421E-4	0.033664644	0.13522094	0.034807026	0.01	59
15	31775329	32162992	ENSG00000169918	122	0.8184238603802108	0.41240433712301994	0.2939158115900402	0.1707484250886281	0.12265146797943986	0.0027899721	1.041E-5	0.0047861934	0.0029283762	0.006009698	0.01	60
15	31775329	32162992	ENSG00000169918	122	0.8184238603802108	0.41240433712301994	0.2939158115900402	0.1707484250886281	0.12265146797943986	0.23576424	0.005658	0.33620852	0.23631215	0.29136223	0.01	61
15	31775329	32162992	ENSG00000169918	122	0.8184238603802108	0.41240433712301994	0.2939158115900402	0.1707484250886281	0.12265146797943986	0.05288947	0.007927	0.15781397	0.22855335	0.22856987	0.01	62
15	31775329	32162992	ENSG00000169918	122	0.8184238603802108	0.41240433712301994	0.2939158115900402	0.1707484250886281	0.12265146797943986	0.6433566	0.0149	0.5369018	0.43584496	0.34101075	0.01	63
15	31775329	32162992	ENSG00000169918	122	0.8184238603802108	0.41240433712301994	0.2939158115900402	0.1707484250886281	0.12265146797943986	0.15784216	0.002639	0.1053713	0.091929495	0.28237653	0.01	64
15	31775329	32162992	ENSG00000169918	122	0.8184238603802108	0.41240433712301994	0.2939158115900402	0.1707484250886281	0.12265146797943986	0.020139799	0.002316	0.09546614	0.12302363	0.05083412	0.01	65
15	31775329	32162992	ENSG00000169918	122	0.8184238603802108	0.41240433712301994	0.2939158115900402	0.1707484250886281	0.12265146797943986	0.3046953	0.01391	0.40704876	0.37384528	0.26711786	0.01	66
15	31775329	32162992	ENSG00000169918	122	0.8184238603802108	0.41240433712301994	0.2939158115900402	0.1707484250886281	0.12265146797943986	0.12487513	0.002989	0.21339685	0.3027056	0.3172148	0.01	67
15	31775329	32162992	ENSG00000169918	122	0.8184238603802108	0.41240433712301994	0.2939158115900402	0.1707484250886281	0.12265146797943986	0.028259717	0.001055	0.10461223	0.3548376	0.4881016	0.01	68
15	31775329	32162992	ENSG00000169918	122	0.8184238603802108	0.41240433712301994	0.2939158115900402	0.1707484250886281	0.12265146797943986	0.08902911	3.461E-4	0.21310079	0.5500313	0.54997224	0.01	69
15	31775329	32162992	ENSG00000169918	122	0.8184238603802108	0.41240433712301994	0.2939158115900402	0.1707484250886281	0.12265146797943986	0.0133498665	5.516E-4	0.028734803	0.22394806	0.17769212	0.01	70
15	31775329	32162992	ENSG00000169918	122	0.8184238603802108	0.41240433712301994	0.2939158115900402	0.1707484250886281	0.12265146797943986	0.5004995	0.01392	0.7518108	0.81049025	0.5364536	0.01	71
15	31775329	32162992	ENSG00000169918	122	0.8184238603802108	0.41240433712301994	0.2939158115900402	0.1707484250886281	0.12265146797943986	0.023659764	0.001514	0.06787789	0.47708184	0.48736203	0.01	72
15	31775329	32162992	ENSG00000169918	122	0.8184238603802108	0.41240433712301994	0.2939158115900402	0.1707484250886281	0.12265146797943986	0.09607904	0.001876	0.2504109	0.31088835	0.11961919	0.01	73
15	31775329	32162992	ENSG00000169918	122	0.8184238603802108	0.41240433712301994	0.2939158115900402	0.1707484250886281	0.12265146797943986	0.4025974	0.01378	0.60869765	0.49520278	0.27844322	0.01	74
15	31775329	32162992	ENSG00000169918	122	0.8184238603802108	0.41240433712301994	0.2939158115900402	0.1707484250886281	0.12265146797943986	0.019279808	0.002306	0.074721634	0.09238601	0.046861887	0.01	75
15	31775329	32162992	ENSG00000169918	122	0.8184238603802108	0.41240433712301994	0.2939158115900402	0.1707484250886281	0.12265146797943986	0.101898104	0.003662	0.208458	0.30391943	0.192321	0.01	76
15	31775329	32162992	ENSG00000169918	122	0.8184238603802108	0.41240433712301994	0.2939158115900402	0.1707484250886281	0.12265146797943986	0.20379621	0.003891	0.38932467	0.051778376	0.17044282	0.01	77
15	31775329	32162992	ENSG00000169918	122	0.8184238603802108	0.41240433712301994	0.2939158115900402	0.1707484250886281	0.12265146797943986	0.027189728	0.002115	0.07242966	0.10192782	0.29124177	0.01	78
15	31775329	32162992	ENSG00000169918	122	0.8184238603802108	0.41240433712301994	0.2939158115900402	0.1707484250886281	0.12265146797943986	0.18881118	0.004918	0.26141232	0.47413772	0.7761313	0.01	79
15	31775329	32162992	ENSG00000169918	122	0.8184238603802108	0.41240433712301994	0.2939158115900402	0.1707484250886281	0.12265146797943986	0.12487513	0.003883	0.18849945	0.26669127	0.10391009	0.01	80
15	31775329	32162992	ENSG00000169918	122	0.8184238603802108	0.41240433712301994	0.2939158115900402	0.1707484250886281	0.12265146797943986	0.5804196	0.005767	0.52778125	0.70866215	0.8184005	0.01	81
15	31775329	32162992	ENSG00000169918	122	0.8184238603802108	0.41240433712301994	0.2939158115900402	0.1707484250886281	0.12265146797943986	0.22677323	0.006115	0.36425644	0.09889132	0.01499337	0.01	82
15	31775329	32162992	ENSG00000169918	122	0.8184238603802108	0.41240433712301994	0.2939158115900402	0.1707484250886281	0.12265146797943986	0.0035699643	1.343E-4	0.012439787	0.0074629188	0.0049304366	0.01	83
15	31775329	32162992	ENSG00000169918	122	0.8184238603802108	0.41240433712301994	0.2939158115900402	0.1707484250886281	0.12265146797943986	0.3016983	0.001716	0.5008234	0.40709925	0.4046684	0.01	84
15	31775329	32162992	ENSG00000169918	122	0.8184238603802108	0.41240433712301994	0.2939158115900402	0.1707484250886281	0.12265146797943986	0.66033965	0.0143	0.87936336	0.68618387	0.48676288	0.01	85
15	31775329	32162992	ENSG00000169918	122	0.8184238603802108	0.41240433712301994	0.2939158115900402	0.1707484250886281	0.12265146797943986	0.07069929	0.01273	0.1681267	0.097623885	0.06118214	0.01	86
15	31775329	32162992	ENSG00000169918	122	0.8184238603802108	0.41240433712301994	0.2939158115900402	0.1707484250886281	0.12265146797943986	0.03500965	0.003738	0.17097187	0.43359494	0.34735757	0.01	87
15	31775329	32162992	ENSG00000169918	122	0.8184238603802108	0.41240433712301994	0.2939158115900402	0.1707484250886281	0.12265146797943986	0.34265736	0.004305	0.53843343	0.26418883	0.14178514	0.01	88
15	31775329	32162992	ENSG00000169918	122	0.8184238603802108	0.41240433712301994	0.2939158115900402	0.1707484250886281	0.12265146797943986	0.020359796	0.001153	0.112434566	0.10457945	0.04940325	0.01	89
15	31775329	32162992	ENSG00000169918	122	0.8184238603802108	0.41240433712301994	0.2939158115900402	0.1707484250886281	0.12265146797943986	0.18681319	0.003035	0.709551	0.48436922	0.25012416	0.01	90
15	31775329	32162992	ENSG00000169918	122	0.8184238603802108	0.41240433712301994	0.2939158115900402	0.1707484250886281	0.12265146797943986	0.114885114	0.001642	0.15162474	0.14835823	0.15682667	0.01	91
15	31775329	32162992	ENSG00000169918	122	0.8184238603802108	0.41240433712301994	0.2939158115900402	0.1707484250886281	0.12265146797943986	0.055689443	0.001116	0.077195406	0.105499685	0.4551772	0.01	92
15	31775329	32162992	ENSG00000169918	122	0.8184238603802108	0.41240433712301994	0.2939158115900402	0.1707484250886281	0.12265146797943986	0.64235765	0.01513	0.69766426	0.5973505	0.4169668	0.01	93
15	31775329	32162992	ENSG00000169918	122	0.8184238603802108	0.41240433712301994	0.2939158115900402	0.1707484250886281	0.12265146797943986	0.5354645	0.007176	0.57189536	0.48766392	0.6196158	0.01	94
15	31775329	32162992	ENSG00000169918	122	0.8184238603802108	0.41240433712301994	0.2939158115900402	0.1707484250886281	0.12265146797943986	0.023519766	0.004061	0.074462056	0.08735722	0.11519694	0.01	95
15	31775329	32162992	ENSG00000169918	122	0.8184238603802108	0.41240433712301994	0.2939158115900402	0.1707484250886281	0.12265146797943986	0.38061938	0.01511	0.62437	0.68135417	0.59976524	0.01	96
15	31775329	32162992	ENSG00000169918	122	0.8184238603802108	0.41240433712301994	0.2939158115900402	0.1707484250886281	0.12265146797943986	0.07199928	0.006591	0.057159483	0.055903614	0.13100225	0.01	97
15	31775329	32162992	ENSG00000169918	122	0.8184238603802108	0.41240433712301994	0.2939158115900402	0.1707484250886281	0.12265146797943986	0.036579635	6.643E-4	0.06539583	0.042078733	0.014102221	0.01	98
15	31775329	32162992	ENSG00000169918	122	0.8184238603802108	0.41240433712301994	0.2939158115900402	0.1707484250886281	0.12265146797943986	0.1028971	0.009634	0.113978446	0.17618799	0.27544975	0.01	99
15	31775329	32162992	ENSG00000169918	122	0.8184238603802108	0.41240433712301994	0.2939158115900402	0.1707484250886281	0.12265146797943986	0.010469895	8.873E-4	0.01388669	0.021005213	0.092705965	0.01	100
15	31775329	32162992	ENSG00000169918	122	0.8184238603802108	0.41240433712301994	0.2939158115900402	0.1707484250886281	0.12265146797943986	0.2057942	0.003487	0.19261253	0.08876842	0.12928367	0.01	101
15	31775329	32162992	ENSG00000169918	122	0.8184238603802108	0.41240433712301994	0.2939158115900402	0.1707484250886281	0.12265146797943986	0.1938062	0.007141	0.2020405	0.21773112	0.52793634	0.01	102
15	31775329	32162992	ENSG00000169918	122	0.8184238603802108	0.41240433712301994	0.2939158115900402	0.1707484250886281	0.12265146797943986	0.007179928	1.779E-4	0.043458104	0.027668476	0.05802214	0.01	103
15	31775329	32162992	ENSG00000169918	122	0.8184238603802108	0.41240433712301994	0.2939158115900402	0.1707484250886281	0.12265146797943986	0.101898104	0.001737	0.15342689	0.14281815	0.14760876	0.01	104
15	31775329	32162992	ENSG00000169918	122	0.8184238603802108	0.41240433712301994	0.2939158115900402	0.1707484250886281	0.12265146797943986	0.14685315	0.004519	0.17140538	0.22477049	0.35594678	0.01	105
15	31775329	32162992	ENSG00000169918	122	0.8184238603802108	0.41240433712301994	0.2939158115900402	0.1707484250886281	0.12265146797943986	0.052449476	9.524E-4	0.07349354	0.053997517	0.15251154	0.01	106
15	31775329	32162992	ENSG00000169918	122	0.8184238603802108	0.41240433712301994	0.2939158115900402	0.1707484250886281	0.12265146797943986	0.054169457	0.002312	0.15833217	0.16572648	0.30143982	0.01	107
15	31775329	32162992	ENSG00000169918	122	0.8184238603802108	0.41240433712301994	0.2939158115900402	0.1707484250886281	0.12265146797943986	0.31668332	4.887E-4	0.53071845	0.16185826	0.10577524	0.01	108
15	31775329	32162992	ENSG00000169918	122	0.8184238603802108	0.41240433712301994	0.2939158115900402	0.1707484250886281	0.12265146797943986	0.011319887	0.00104	0.043508887	0.043708384	0.080399275	0.01	109
15	31775329	32162992	ENSG00000169918	122	0.8184238603802108	0.41240433712301994	0.2939158115900402	0.1707484250886281	0.12265146797943986	0.074859254	0.003177	0.15529966	0.40505993	0.17255789	0.01	110
15	31775329	32162992	ENSG00000169918	122	0.8184238603802108	0.41240433712301994	0.2939158115900402	0.1707484250886281	0.12265146797943986	0.2827173	0.01446	0.46995062	0.70351183	0.64140475	0.01	111
15	31775329	32162992	ENSG00000169918	122	0.8184238603802108	0.41240433712301994	0.2939158115900402	0.1707484250886281	0.12265146797943986	0.84015983	0.01481	0.9211501	0.72390664	0.55423737	0.01	112
15	31775329	32162992	ENSG00000169918	122	0.8184238603802108	0.41240433712301994	0.2939158115900402	0.1707484250886281	0.12265146797943986	0.3926074	0.004216	0.32403934	0.49652374	0.52454615	0.01	113
15	31775329	32162992	ENSG00000169918	122	0.8184238603802108	0.41240433712301994	0.2939158115900402	0.1707484250886281	0.12265146797943986	0.34765235	0.01063	0.5751747	0.32472283	0.15334725	0.01	114
15	31775329	32162992	ENSG00000169918	122	0.8184238603802108	0.41240433712301994	0.2939158115900402	0.1707484250886281	0.12265146797943986	0.037329625	0.003709	0.060696125	0.1412434	0.31852746	0.01	115
15	31775329	32162992	ENSG00000169918	122	0.8184238603802108	0.41240433712301994	0.2939158115900402	0.1707484250886281	0.12265146797943986	0.3846154	0.01511	0.41758376	0.43672585	0.58839804	0.01	116
15	31775329	32162992	ENSG00000169918	122	0.8184238603802108	0.41240433712301994	0.2939158115900402	0.1707484250886281	0.12265146797943986	0.026249738	0.003216	0.06214404	0.12976778	0.40375757	0.01	117
15	31775329	32162992	ENSG00000169918	122	0.8184238603802108	0.41240433712301994	0.2939158115900402	0.1707484250886281	0.12265146797943986	0.15384616	0.01365	0.28517807	0.17000145	0.25179613	0.01	118
15	31775329	32162992	ENSG00000169918	122	0.8184238603802108	0.41240433712301994	0.2939158115900402	0.1707484250886281	0.12265146797943986	0.08178918	0.002195	0.096613705	0.013568878	0.19928986	0.01	119
15	31775329	32162992	ENSG00000169918	122	0.8184238603802108	0.41240433712301994	0.2939158115900402	0.1707484250886281	0.12265146797943986	0.28771228	0.001336	0.37058455	0.10219258	0.34541988	0.01	120
15	31775329	32162992	ENSG00000169918	122	0.8184238603802108	0.41240433712301994	0.2939158115900402	0.1707484250886281	0.12265146797943986	0.15084915	2.096E-5	0.29564726	0.23297185	0.10046673	0.03	0
15	31775329	32162992	ENSG00000169918	122	0.8184238603802108	0.41240433712301994	0.2939158115900402	0.1707484250886281	0.12265146797943986	0.44255745	2.141E-5	0.49911326	0.29496497	0.36478835	0.03	1
15	31775329	32162992	ENSG00000169918	122	0.8184238603802108	0.41240433712301994	0.2939158115900402	0.1707484250886281	0.12265146797943986	0.1878122	2.114E-5	0.16721255	0.12639868	0.09051752	0.03	2
15	31775329	32162992	ENSG00000169918	122	0.8184238603802108	0.41240433712301994	0.2939158115900402	0.1707484250886281	0.12265146797943986	2.989997E-4	3.054E-6	0.0037127137	0.001434803	4.5913458E-4	0.03	3
15	31775329	32162992	ENSG00000169918	122	0.8184238603802108	0.41240433712301994	0.2939158115900402	0.1707484250886281	0.12265146797943986	0.103896104	1.974E-5	0.12758136	0.08357787	0.016871631	0.03	4
15	31775329	32162992	ENSG00000169918	122	0.8184238603802108	0.41240433712301994	0.2939158115900402	0.1707484250886281	0.12265146797943986	0.01596984	1.997E-5	0.020004869	0.019337773	0.044245303	0.03	5
15	31775329	32162992	ENSG00000169918	122	0.8184238603802108	0.41240433712301994	0.2939158115900402	0.1707484250886281	0.12265146797943986	0.013919861	2.132E-5	0.013860822	0.01940912	0.013263822	0.03	6
15	31775329	32162992	ENSG00000169918	122	0.8184238603802108	0.41240433712301994	0.2939158115900402	0.1707484250886281	0.12265146797943986	7.7999925E-5	1.793E-5	0.0010199547	8.189082E-4	0.0031635761	0.03	7
15	31775329	32162992	ENSG00000169918	122	0.8184238603802108	0.41240433712301994	0.2939158115900402	0.1707484250886281	0.12265146797943986	0.3876124	2.026E-5	0.5256113	0.38496417	0.23490137	0.03	8
15	31775329	32162992	ENSG00000169918	122	0.8184238603802108	0.41240433712301994	0.2939158115900402	0.1707484250886281	0.12265146797943986	0.5724276	2.189E-5	0.79999125	0.30073917	0.17298031	0.03	9
15	31775329	32162992	ENSG00000169918	122	0.8184238603802108	0.41240433712301994	0.2939158115900402	0.1707484250886281	0.12265146797943986	0.14685315	2.031E-5	0.15370584	0.028902352	0.013379157	0.03	10
15	31775329	32162992	ENSG00000169918	122	0.8184238603802108	0.41240433712301994	0.2939158115900402	0.1707484250886281	0.12265146797943986	0.0702893	1.919E-5	0.08140665	0.016061425	0.0064373016	0.03	11
15	31775329	32162992	ENSG00000169918	122	0.8184238603802108	0.41240433712301994	0.2939158115900402	0.1707484250886281	0.12265146797943986	0.09151909	2.165E-5	0.15129131	0.10513693	0.044150412	0.03	12
15	31775329	32162992	ENSG00000169918	122	0.8184238603802108	0.41240433712301994	0.2939158115900402	0.1707484250886281	0.12265146797943986	0.035709642	1.883E-5	0.0931164	0.08812231	0.053804576	0.03	13
15	31775329	32162992	ENSG00000169918	122	0.8184238603802108	0.41240433712301994	0.2939158115900402	0.1707484250886281	0.12265146797943986	0.007759922	1.847E-5	0.02099067	0.017246127	0.01702094	0.03	14
15	31775329	32162992	ENSG00000169918	122	0.8184238603802108	0.41240433712301994	0.2939158115900402	0.1707484250886281	0.12265146797943986	0.10489511	2.002E-5	0.09400672	0.10722059	0.14101213	0.03	15
15	31775329	32162992	ENSG00000169918	122	0.8184238603802108	0.41240433712301994	0.2939158115900402	0.1707484250886281	0.12265146797943986	9.2299905E-4	1.864E-5	0.0016177893	3.6722422E-4	4.091859E-4	0.03	16
15	31775329	32162992	ENSG00000169918	122	0.8184238603802108	0.41240433712301994	0.2939158115900402	0.1707484250886281	0.12265146797943986	0.116883114	1.815E-5	0.38781506	0.059101462	0.013527513	0.03	17
15	31775329	32162992	ENSG00000169918	122	0.8184238603802108	0.41240433712301994	0.2939158115900402	0.1707484250886281	0.12265146797943986	0.45354646	1.869E-5	0.7402434	0.47611785	0.21849394	0.03	18
15	31775329	32162992	ENSG00000169918	122	0.8184238603802108	0.41240433712301994	0.2939158115900402	0.1707484250886281	0.12265146797943986	0.27072927	2.034E-5	0.32000786	0.17896229	0.055168927	0.03	19
15	31775329	32162992	ENSG00000169918	122	0.8184238603802108	0.41240433712301994	0.2939158115900402	0.1707484250886281	0.12265146797943986	0.0047499523	1.955E-5	0.00382936	0.0044709444	0.018270552	0.03	20
15	31775329	32162992	ENSG00000169918	122	0.8184238603802108	0.41240433712301994	0.2939158115900402	0.1707484250886281	0.12265146797943986	0.020299798	1.931E-5	0.018210351	0.006016314	0.0051244497	0.03	21
15	31775329	32162992	ENSG00000169918	122	0.8184238603802108	0.41240433712301994	0.2939158115900402	0.1707484250886281	0.12265146797943986	0.002389976	1.308E-5	0.011116505	0.0066906214	0.009588838	0.03	22
15	31775329	32162992	ENSG00000169918	122	0.8184238603802108	0.41240433712301994	0.2939158115900402	0.1707484250886281	0.12265146797943986	0.014919851	9.822E-6	0.090274096	0.055874586	0.019220293	0.03	23
15	31775329	32162992	ENSG00000169918	122	0.8184238603802108	0.41240433712301994	0.2939158115900402	0.1707484250886281	0.12265146797943986	4.2099957E-4	2.085E-5	6.542206E-4	0.0016718507	0.051702976	0.03	24
15	31775329	32162992	ENSG00000169918	122	0.8184238603802108	0.41240433712301994	0.2939158115900402	0.1707484250886281	0.12265146797943986	0.008609914	2.104E-5	0.018233776	0.011654437	0.004712522	0.03	25
15	31775329	32162992	ENSG00000169918	122	0.8184238603802108	0.41240433712301994	0.2939158115900402	0.1707484250886281	0.12265146797943986	0.008199918	1.801E-5	0.030683339	0.05773133	0.02786696	0.03	26
15	31775329	32162992	ENSG00000169918	122	0.8184238603802108	0.41240433712301994	0.2939158115900402	0.1707484250886281	0.12265146797943986	0.1938062	1.913E-5	0.2334615	0.011674941	0.020837247	0.03	27
15	31775329	32162992	ENSG00000169918	122	0.8184238603802108	0.41240433712301994	0.2939158115900402	0.1707484250886281	0.12265146797943986	0.097179025	1.829E-5	0.2336427	0.10781956	0.2751155	0.03	28
15	31775329	32162992	ENSG00000169918	122	0.8184238603802108	0.41240433712301994	0.2939158115900402	0.1707484250886281	0.12265146797943986	0.0055399444	1.133E-5	0.010123849	0.012057722	0.015128493	0.03	29
15	31775329	32162992	ENSG00000169918	122	0.8184238603802108	0.41240433712301994	0.2939158115900402	0.1707484250886281	0.12265146797943986	0.01100989	1.92E-5	0.016925752	0.010342956	0.007548511	0.03	30
15	31775329	32162992	ENSG00000169918	122	0.8184238603802108	0.41240433712301994	0.2939158115900402	0.1707484250886281	0.12265146797943986	0.08887911	1.838E-5	0.084635675	0.012935579	0.04997784	0.03	31
15	31775329	32162992	ENSG00000169918	122	0.8184238603802108	0.41240433712301994	0.2939158115900402	0.1707484250886281	0.12265146797943986	0.0012799872	2.103E-5	0.008251131	0.071894765	0.035143733	0.03	32
15	31775329	32162992	ENSG00000169918	122	0.8184238603802108	0.41240433712301994	0.2939158115900402	0.1707484250886281	0.12265146797943986	6.139994E-4	2.195E-5	0.0026018023	0.043344975	0.04014349	0.03	33
15	31775329	32162992	ENSG00000169918	122	0.8184238603802108	0.41240433712301994	0.2939158115900402	0.1707484250886281	0.12265146797943986	0.045569543	1.942E-5	0.0935753	0.0533821	0.045874357	0.03	34
15	31775329	32162992	ENSG00000169918	122	0.8184238603802108	0.41240433712301994	0.2939158115900402	0.1707484250886281	0.12265146797943986	0.0800692	2.168E-5	0.031849146	0.048971355	0.22334021	0.03	35
15	31775329	32162992	ENSG00000169918	122	0.8184238603802108	0.41240433712301994	0.2939158115900402	0.1707484250886281	0.12265146797943986	0.04666953	2.095E-5	0.01988393	0.025703311	0.09767568	0.03	36
15	31775329	32162992	ENSG00000169918	122	0.8184238603802108	0.41240433712301994	0.2939158115900402	0.1707484250886281	0.12265146797943986	0.05290947	1.84E-5	0.0897761	0.01941353	0.0076064467	0.03	37
15	31775329	32162992	ENSG00000169918	122	0.8184238603802108	0.41240433712301994	0.2939158115900402	0.1707484250886281	0.12265146797943986	0.003699963	1.411E-5	0.045004666	0.01126796	0.013883531	0.03	38
15	31775329	32162992	ENSG00000169918	122	0.8184238603802108	0.41240433712301994	0.2939158115900402	0.1707484250886281	0.12265146797943986	0.037429627	1.894E-5	0.046846747	0.03908074	0.014278829	0.03	39
15	31775329	32162992	ENSG00000169918	122	0.8184238603802108	0.41240433712301994	0.2939158115900402	0.1707484250886281	0.12265146797943986	9.009991E-4	2.161E-5	0.0026236176	0.042473495	0.03777671	0.03	40
15	31775329	32162992	ENSG00000169918	122	0.8184238603802108	0.41240433712301994	0.2939158115900402	0.1707484250886281	0.12265146797943986	3.999996E-6	3.357E-6	2.4318695E-5	0.0020993948	0.008200109	0.03	41
15	31775329	32162992	ENSG00000169918	122	0.8184238603802108	0.41240433712301994	0.2939158115900402	0.1707484250886281	0.12265146797943986	0.0020399797	5.954E-6	0.0012882948	8.752942E-4	0.0028312206	0.03	42
15	31775329	32162992	ENSG00000169918	122	0.8184238603802108	0.41240433712301994	0.2939158115900402	0.1707484250886281	0.12265146797943986	1.9499981E-4	1.811E-5	0.0013136268	0.011799455	0.0064852834	0.03	43
15	31775329	32162992	ENSG00000169918	122	0.8184238603802108	0.41240433712301994	0.2939158115900402	0.1707484250886281	0.12265146797943986	1.5699984E-4	1.418E-5	8.061528E-4	0.002011478	0.013965726	0.03	44
15	31775329	32162992	ENSG00000169918	122	0.8184238603802108	0.41240433712301994	0.2939158115900402	0.1707484250886281	0.12265146797943986	0.0069299308	2.083E-5	0.01144731	0.020697117	0.15153539	0.03	45
15	31775329	32162992	ENSG00000169918	122	0.8184238603802108	0.41240433712301994	0.2939158115900402	0.1707484250886281	0.12265146797943986	1.4699985E-4	1.827E-5	0.0013363957	0.114822686	0.13455003	0.03	46
15	31775329	32162992	ENSG00000169918	122	0.8184238603802108	0.41240433712301994	0.2939158115900402	0.1707484250886281	0.12265146797943986	1.3499986E-4	8.741E-6	9.943247E-4	0.019615114	0.035900414	0.03	47
15	31775329	32162992	ENSG00000169918	122	0.8184238603802108	0.41240433712301994	0.2939158115900402	0.1707484250886281	0.12265146797943986	0.004879951	1.259E-5	0.008724391	0.0036514401	0.0041665435	0.03	48
15	31775329	32162992	ENSG00000169918	122	0.8184238603802108	0.41240433712301994	0.2939158115900402	0.1707484250886281	0.12265146797943986	2.099998E-5	1.677E-5	2.4682283E-4	0.0041513443	0.002077043	0.03	49
15	31775329	32162992	ENSG00000169918	122	0.8184238603802108	0.41240433712301994	0.2939158115900402	0.1707484250886281	0.12265146797943986	0.01493985	2.153E-5	0.059741557	0.06276792	0.046221554	0.03	50
15	31775329	32162992	ENSG00000169918	122	0.8184238603802108	0.41240433712301994	0.2939158115900402	0.1707484250886281	0.12265146797943986	4.999995E-6	1.657E-6	3.8683414E-5	3.15547E-4	9.765029E-4	0.03	51
15	31775329	32162992	ENSG00000169918	122	0.8184238603802108	0.41240433712301994	0.2939158115900402	0.1707484250886281	0.12265146797943986	0.1008991	1.966E-5	0.37310505	0.449449	0.26410145	0.03	52
15	31775329	32162992	ENSG00000169918	122	0.8184238603802108	0.41240433712301994	0.2939158115900402	0.1707484250886281	0.12265146797943986	9.99999E-7	3.935E-8	3.0994415E-6	1.6391277E-5	1.7046928E-5	0.03	53
15	31775329	32162992	ENSG00000169918	122	0.8184238603802108	0.41240433712301994	0.2939158115900402	0.1707484250886281	0.12265146797943986	0.0010349989	1.198E-5	0.0063437223	0.04288882	0.04742378	0.03	54
15	31775329	32162992	ENSG00000169918	122	0.8184238603802108	0.41240433712301994	0.2939158115900402	0.1707484250886281	0.12265146797943986	1.2099988E-4	1.366E-5	0.0012622476	0.026807308	0.03088671	0.03	55
15	31775329	32162992	ENSG00000169918	122	0.8184238603802108	0.41240433712301994	0.2939158115900402	0.1707484250886281	0.12265146797943986	0.0013399866	2.209E-5	0.0032963753	0.032067716	0.11064184	0.03	56
15	31775329	32162992	ENSG00000169918	122	0.8184238603802108	0.41240433712301994	0.2939158115900402	0.1707484250886281	0.12265146797943986	8.699991E-5	6.638E-6	4.6604872E-4	0.05302888	0.08678573	0.03	57
15	31775329	32162992	ENSG00000169918	122	0.8184238603802108	0.41240433712301994	0.2939158115900402	0.1707484250886281	0.12265146797943986	0.001022999	1.709E-5	0.002514422	0.06574535	0.17904371	0.03	58
15	31775329	32162992	ENSG00000169918	122	0.8184238603802108	0.41240433712301994	0.2939158115900402	0.1707484250886281	0.12265146797943986	0.001026999	1.986E-5	0.0041586757	0.23653626	0.24960119	0.03	59
15	31775329	32162992	ENSG00000169918	122	0.8184238603802108	0.41240433712301994	0.2939158115900402	0.1707484250886281	0.12265146797943986	4.7599952E-4	2.06E-5	0.003256023	0.06913972	0.08725029	0.03	60
15	31775329	32162992	ENSG00000169918	122	0.8184238603802108	0.41240433712301994	0.2939158115900402	0.1707484250886281	0.12265146797943986	0.005599944	8.111E-6	0.013200223	0.005660236	0.029216945	0.03	61
15	31775329	32162992	ENSG00000169918	122	0.8184238603802108	0.41240433712301994	0.2939158115900402	0.1707484250886281	0.12265146797943986	8.269992E-4	1.847E-5	0.0042141676	0.067119956	0.10215974	0.03	62
15	31775329	32162992	ENSG00000169918	122	0.8184238603802108	0.41240433712301994	0.2939158115900402	0.1707484250886281	0.12265146797943986	0.3046953	2.035E-5	0.41560048	0.25843835	0.16572702	0.03	63
15	31775329	32162992	ENSG00000169918	122	0.8184238603802108	0.41240433712301994	0.2939158115900402	0.1707484250886281	0.12265146797943986	0.0033899662	2.166E-5	0.048160255	0.008708477	0.0017091632	0.03	64
15	31775329	32162992	ENSG00000169918	122	0.8184238603802108	0.41240433712301994	0.2939158115900402	0.1707484250886281	0.12265146797943986	0.21778221	1.853E-5	0.5431577	0.31767142	0.12877655	0.03	65
15	31775329	32162992	ENSG00000169918	122	0.8184238603802108	0.41240433712301994	0.2939158115900402	0.1707484250886281	0.12265146797943986	0.084459156	2.082E-5	0.13720196	0.09107804	0.033397913	0.03	66
15	31775329	32162992	ENSG00000169918	122	0.8184238603802108	0.41240433712301994	0.2939158115900402	0.1707484250886281	0.12265146797943986	0.002199978	1.943E-5	0.0024773479	0.008693159	0.039629817	0.03	67
15	31775329	32162992	ENSG00000169918	122	0.8184238603802108	0.41240433712301994	0.2939158115900402	0.1707484250886281	0.12265146797943986	0.0027699722	7.812E-6	0.006613195	0.022101045	0.009742439	0.03	68
15	31775329	32162992	ENSG00000169918	122	0.8184238603802108	0.41240433712301994	0.2939158115900402	0.1707484250886281	0.12265146797943986	1.8999981E-5	1.347E-5	5.9723854E-5	4.246831E-4	0.011613846	0.03	69
15	31775329	32162992	ENSG00000169918	122	0.8184238603802108	0.41240433712301994	0.2939158115900402	0.1707484250886281	0.12265146797943986	0.030799692	2.065E-5	0.021921754	0.014110982	0.03136301	0.03	70
15	31775329	32162992	ENSG00000169918	122	0.8184238603802108	0.41240433712301994	0.2939158115900402	0.1707484250886281	0.12265146797943986	0.011429885	1.953E-5	0.040064752	0.016278982	0.046476364	0.03	71
15	31775329	32162992	ENSG00000169918	122	0.8184238603802108	0.41240433712301994	0.2939158115900402	0.1707484250886281	0.12265146797943986	3.2999968E-5	8.792E-6	2.0438433E-4	0.013569713	0.017805815	0.03	72
15	31775329	32162992	ENSG00000169918	122	0.8184238603802108	0.41240433712301994	0.2939158115900402	0.1707484250886281	0.12265146797943986	0.010219898	1.455E-5	0.11212057	0.06604445	0.06941664	0.03	73
15	31775329	32162992	ENSG00000169918	122	0.8184238603802108	0.41240433712301994	0.2939158115900402	0.1707484250886281	0.12265146797943986	0.007409926	2.024E-5	0.11093593	0.05126047	0.019547105	0.03	74
15	31775329	32162992	ENSG00000169918	122	0.8184238603802108	0.41240433712301994	0.2939158115900402	0.1707484250886281	0.12265146797943986	0.004669953	2.176E-5	0.04456806	0.010300517	0.03144598	0.03	75
15	31775329	32162992	ENSG00000169918	122	0.8184238603802108	0.41240433712301994	0.2939158115900402	0.1707484250886281	0.12265146797943986	3.099997E-5	2.479E-6	9.256601E-5	3.580451E-4	0.001141727	0.03	76
15	31775329	32162992	ENSG00000169918	122	0.8184238603802108	0.41240433712301994	0.2939158115900402	0.1707484250886281	0.12265146797943986	0.56643355	2.173E-5	0.77334726	0.38072538	0.7291039	0.03	77
15	31775329	32162992	ENSG00000169918	122	0.8184238603802108	0.41240433712301994	0.2939158115900402	0.1707484250886281	0.12265146797943986	0.0013199868	2.405E-6	0.0041834116	0.0015284419	0.0062409043	0.03	78
15	31775329	32162992	ENSG00000169918	122	0.8184238603802108	0.41240433712301994	0.2939158115900402	0.1707484250886281	0.12265146797943986	0.25074926	1.918E-5	0.6506107	0.5498179	0.36141145	0.03	79
15	31775329	32162992	ENSG00000169918	122	0.8184238603802108	0.41240433712301994	0.2939158115900402	0.1707484250886281	0.12265146797943986	0.0013499865	2.062E-5	0.0042595863	0.048854053	0.034637094	0.03	80
15	31775329	32162992	ENSG00000169918	122	0.8184238603802108	0.41240433712301994	0.2939158115900402	0.1707484250886281	0.12265146797943986	0.026279736	1.983E-5	0.0285272	0.044043124	0.05428928	0.03	81
15	31775329	32162992	ENSG00000169918	122	0.8184238603802108	0.41240433712301994	0.2939158115900402	0.1707484250886281	0.12265146797943986	1.01999896E-4	2.271E-7	1.6140938E-4	1.19030476E-4	4.118681E-5	0.03	82
15	31775329	32162992	ENSG00000169918	122	0.8184238603802108	0.41240433712301994	0.2939158115900402	0.1707484250886281	0.12265146797943986	0.32467532	1.813E-5	0.43904048	0.3414448	0.15866572	0.03	83
15	31775329	32162992	ENSG00000169918	122	0.8184238603802108	0.41240433712301994	0.2939158115900402	0.1707484250886281	0.12265146797943986	0.12687312	2.143E-5	0.41605532	0.14248341	0.018545747	0.03	84
15	31775329	32162992	ENSG00000169918	122	0.8184238603802108	0.41240433712301994	0.2939158115900402	0.1707484250886281	0.12265146797943986	0.26973027	1.898E-5	0.5517585	0.42791003	0.25430554	0.03	85
15	31775329	32162992	ENSG00000169918	122	0.8184238603802108	0.41240433712301994	0.2939158115900402	0.1707484250886281	0.12265146797943986	0.21878122	1.873E-5	0.69186974	0.40745282	0.27525693	0.03	86
15	31775329	32162992	ENSG00000169918	122	0.8184238603802108	0.41240433712301994	0.2939158115900402	0.1707484250886281	0.12265146797943986	0.011149889	1.983E-5	0.11888641	0.026704371	0.002884388	0.03	87
15	31775329	32162992	ENSG00000169918	122	0.8184238603802108	0.41240433712301994	0.2939158115900402	0.1707484250886281	0.12265146797943986	0.0016599834	8.225E-6	0.0058634877	0.02485162	0.011808693	0.03	88
15	31775329	32162992	ENSG00000169918	122	0.8184238603802108	0.41240433712301994	0.2939158115900402	0.1707484250886281	0.12265146797943986	0.004239958	2.199E-5	0.013965666	0.015705228	0.02469623	0.03	89
15	31775329	32162992	ENSG00000169918	122	0.8184238603802108	0.41240433712301994	0.2939158115900402	0.1707484250886281	0.12265146797943986	0.0032699674	1.86E-5	0.012647152	0.0046479106	0.009737194	0.03	90
15	31775329	32162992	ENSG00000169918	122	0.8184238603802108	0.41240433712301994	0.2939158115900402	0.1707484250886281	0.12265146797943986	0.03215968	2.151E-5	0.04452789	0.03597015	0.107927024	0.03	91
15	31775329	32162992	ENSG00000169918	122	0.8184238603802108	0.41240433712301994	0.2939158115900402	0.1707484250886281	0.12265146797943986	0.002189978	2.044E-5	0.021387875	0.012555957	0.021835208	0.03	92
15	31775329	32162992	ENSG00000169918	122	0.8184238603802108	0.41240433712301994	0.2939158115900402	0.1707484250886281	0.12265146797943986	0.18381618	1.85E-5	0.3690691	0.48064548	0.44894993	0.03	93
15	31775329	32162992	ENSG00000169918	122	0.8184238603802108	0.41240433712301994	0.2939158115900402	0.1707484250886281	0.12265146797943986	0.0040399595	1.3E-5	0.0013586283	0.0010602474	0.0015886426	0.03	94
15	31775329	32162992	ENSG00000169918	122	0.8184238603802108	0.41240433712301994	0.2939158115900402	0.1707484250886281	0.12265146797943986	5.2399945E-4	2.956E-7	2.1082163E-4	2.5832653E-4	0.001444459	0.03	95
15	31775329	32162992	ENSG00000169918	122	0.8184238603802108	0.41240433712301994	0.2939158115900402	0.1707484250886281	0.12265146797943986	0.0049699503	1.965E-5	0.023678422	0.01377511	0.009580255	0.03	96
15	31775329	32162992	ENSG00000169918	122	0.8184238603802108	0.41240433712301994	0.2939158115900402	0.1707484250886281	0.12265146797943986	0.01207988	1.959E-5	0.011890173	0.01200217	0.032454073	0.03	97
15	31775329	32162992	ENSG00000169918	122	0.8184238603802108	0.41240433712301994	0.2939158115900402	0.1707484250886281	0.12265146797943986	0.0019399805	1.894E-5	0.004026532	0.0014606118	0.0016524792	0.03	98
15	31775329	32162992	ENSG00000169918	122	0.8184238603802108	0.41240433712301994	0.2939158115900402	0.1707484250886281	0.12265146797943986	0.0018399816	1.795E-5	0.0020453334	0.0025284886	0.0069050193	0.03	99
15	31775329	32162992	ENSG00000169918	122	0.8184238603802108	0.41240433712301994	0.2939158115900402	0.1707484250886281	0.12265146797943986	0.011759883	2.194E-5	0.006616771	0.021625161	0.14690858	0.03	100
15	31775329	32162992	ENSG00000169918	122	0.8184238603802108	0.41240433712301994	0.2939158115900402	0.1707484250886281	0.12265146797943986	0.0020699792	8.13E-7	8.420944E-4	0.0010570884	0.05183679	0.03	101
15	31775329	32162992	ENSG00000169918	122	0.8184238603802108	0.41240433712301994	0.2939158115900402	0.1707484250886281	0.12265146797943986	0.004059959	4.314E-6	0.0015509129	0.0021210313	0.045241237	0.03	102
15	31775329	32162992	ENSG00000169918	122	0.8184238603802108	0.41240433712301994	0.2939158115900402	0.1707484250886281	0.12265146797943986	0.07851922	2.183E-5	0.4352916	0.050771534	0.011720657	0.03	103
15	31775329	32162992	ENSG00000169918	122	0.8184238603802108	0.41240433712301994	0.2939158115900402	0.1707484250886281	0.12265146797943986	0.03114969	2.147E-5	0.18479198	0.1338473	0.14820081	0.03	104
15	31775329	32162992	ENSG00000169918	122	0.8184238603802108	0.41240433712301994	0.2939158115900402	0.1707484250886281	0.12265146797943986	0.0066299336	7.917E-6	0.0045979023	0.0027741194	0.01657474	0.03	105
15	31775329	32162992	ENSG00000169918	122	0.8184238603802108	0.41240433712301994	0.2939158115900402	0.1707484250886281	0.12265146797943986	0.042609572	1.877E-5	0.08902836	0.020098984	0.031172395	0.03	106
15	31775329	32162992	ENSG00000169918	122	0.8184238603802108	0.41240433712301994	0.2939158115900402	0.1707484250886281	0.12265146797943986	0.0015399846	2.105E-5	0.0010123253	8.382201E-4	0.0011944175	0.03	107
15	31775329	32162992	ENSG00000169918	122	0.8184238603802108	0.41240433712301994	0.2939158115900402	0.1707484250886281	0.12265146797943986	0.4235764	1.82E-5	0.37757832	0.24618399	0.077059805	0.03	108
15	31775329	32162992	ENSG00000169918	122	0.8184238603802108	0.41240433712301994	0.2939158115900402	0.1707484250886281	0.12265146797943986	0.005219948	1.185E-5	0.0068523884	0.009393156	0.0662418	0.03	109
15	31775329	32162992	ENSG00000169918	122	0.8184238603802108	0.41240433712301994	0.2939158115900402	0.1707484250886281	0.12265146797943986	0.24875125	2.02E-5	0.6804739	0.5790361	0.25260508	0.03	110
15	31775329	32162992	ENSG00000169918	122	0.8184238603802108	0.41240433712301994	0.2939158115900402	0.1707484250886281	0.12265146797943986	0.022219777	2.004E-5	0.15287769	0.06387162	0.05917263	0.03	111
15	31775329	32162992	ENSG00000169918	122	0.8184238603802108	0.41240433712301994	0.2939158115900402	0.1707484250886281	0.12265146797943986	0.13486513	1.914E-5	0.27988935	0.5256692	0.37259078	0.03	112
15	31775329	32162992	ENSG00000169918	122	0.8184238603802108	0.41240433712301994	0.2939158115900402	0.1707484250886281	0.12265146797943986	0.007079929	9.408E-6	0.0031741261	0.0010204315	5.9217215E-4	0.03	113
15	31775329	32162992	ENSG00000169918	122	0.8184238603802108	0.41240433712301994	0.2939158115900402	0.1707484250886281	0.12265146797943986	0.13286713	1.923E-5	0.41328126	0.045418322	0.008524299	0.03	114
15	31775329	32162992	ENSG00000169918	122	0.8184238603802108	0.41240433712301994	0.2939158115900402	0.1707484250886281	0.12265146797943986	0.005679943	1.173E-5	0.0017489195	0.008160651	0.062058806	0.03	115
15	31775329	32162992	ENSG00000169918	122	0.8184238603802108	0.41240433712301994	0.2939158115900402	0.1707484250886281	0.12265146797943986	0.0044699553	2.023E-5	0.009044051	0.0022144914	0.0339818	0.03	116
15	31775329	32162992	ENSG00000169918	122	0.8184238603802108	0.41240433712301994	0.2939158115900402	0.1707484250886281	0.12265146797943986	0.0020799793	1.117E-7	0.043937564	0.0048861504	3.5500526E-4	0.03	117
15	31775329	32162992	ENSG00000169918	122	0.8184238603802108	0.41240433712301994	0.2939158115900402	0.1707484250886281	0.12265146797943986	0.0014199858	2.009E-5	0.0035629272	1.0699034E-4	2.3406744E-4	0.03	118
15	31775329	32162992	ENSG00000169918	122	0.8184238603802108	0.41240433712301994	0.2939158115900402	0.1707484250886281	0.12265146797943986	0.0062699374	1.924E-5	0.010013282	0.010671318	0.04242456	0.03	119
15	31775329	32162992	ENSG00000169918	122	0.8184238603802108	0.41240433712301994	0.2939158115900402	0.1707484250886281	0.12265146797943986	0.1918082	2.004E-5	0.3783034	0.6598858	0.6362681	0.03	120
15	31775329	32162992	ENSG00000169918	122	0.8184238603802108	0.41240433712301994	0.2939158115900402	0.1707484250886281	0.12265146797943986	0.0500295	3.314E-8	0.15816367	0.111875474	0.026341558	0.05	0
15	31775329	32162992	ENSG00000169918	122	0.8184238603802108	0.41240433712301994	0.2939158115900402	0.1707484250886281	0.12265146797943986	0.033269666	2.792E-8	0.11742383	0.017908692	0.0051460266	0.05	1
15	31775329	32162992	ENSG00000169918	122	0.8184238603802108	0.41240433712301994	0.2939158115900402	0.1707484250886281	0.12265146797943986	0.044479556	3.046E-8	0.017852128	2.526641E-4	0.001003325	0.05	2
15	31775329	32162992	ENSG00000169918	122	0.8184238603802108	0.41240433712301994	0.2939158115900402	0.1707484250886281	0.12265146797943986	0.04080959	2.764E-8	0.10285717	0.018914402	9.928346E-4	0.05	3
15	31775329	32162992	ENSG00000169918	122	0.8184238603802108	0.41240433712301994	0.2939158115900402	0.1707484250886281	0.12265146797943986	0.22077923	3.431E-8	0.14394718	0.0031129718	0.006314814	0.05	4
15	31775329	32162992	ENSG00000169918	122	0.8184238603802108	0.41240433712301994	0.2939158115900402	0.1707484250886281	0.12265146797943986	0.021119788	3.058E-8	0.038788617	0.023503065	0.0038600564	0.05	5
15	31775329	32162992	ENSG00000169918	122	0.8184238603802108	0.41240433712301994	0.2939158115900402	0.1707484250886281	0.12265146797943986	0.011369886	3.068E-8	0.007557392	0.003186345	0.0027653575	0.05	6
15	31775329	32162992	ENSG00000169918	122	0.8184238603802108	0.41240433712301994	0.2939158115900402	0.1707484250886281	0.12265146797943986	0.014229857	3.061E-8	0.054413438	0.0128157735	0.010923207	0.05	7
15	31775329	32162992	ENSG00000169918	122	0.8184238603802108	0.41240433712301994	0.2939158115900402	0.1707484250886281	0.12265146797943986	0.110889114	2.882E-8	0.35660827	0.09462422	0.051845014	0.05	8
15	31775329	32162992	ENSG00000169918	122	0.8184238603802108	0.41240433712301994	0.2939158115900402	0.1707484250886281	0.12265146797943986	0.22577423	2.729E-8	0.552123	0.0712325	0.012201071	0.05	9
15	31775329	32162992	ENSG00000169918	122	0.8184238603802108	0.41240433712301994	0.2939158115900402	0.1707484250886281	0.12265146797943986	0.0025539976	3.181E-8	0.0034358501	5.7929754E-4	4.5359135E-5	0.05	10
15	31775329	32162992	ENSG00000169918	122	0.8184238603802108	0.41240433712301994	0.2939158115900402	0.1707484250886281	0.12265146797943986	0.0055499445	2.772E-8	0.004347801	0.0018002987	0.0024802685	0.05	11
15	31775329	32162992	ENSG00000169918	122	0.8184238603802108	0.41240433712301994	0.2939158115900402	0.1707484250886281	0.12265146797943986	0.23876125	2.921E-8	0.013301671	4.760027E-4	7.3748827E-4	0.05	12
15	31775329	32162992	ENSG00000169918	122	0.8184238603802108	0.41240433712301994	0.2939158115900402	0.1707484250886281	0.12265146797943986	8.119992E-4	3.016E-8	0.0050860047	0.0013349652	0.001683712	0.05	13
15	31775329	32162992	ENSG00000169918	122	0.8184238603802108	0.41240433712301994	0.2939158115900402	0.1707484250886281	0.12265146797943986	0.03204968	3.43E-8	0.12937826	0.074436545	0.16612107	0.05	14
15	31775329	32162992	ENSG00000169918	122	0.8184238603802108	0.41240433712301994	0.2939158115900402	0.1707484250886281	0.12265146797943986	6.859993E-4	3.527E-8	4.2527914E-4	2.297759E-4	2.2614002E-4	0.05	15
15	31775329	32162992	ENSG00000169918	122	0.8184238603802108	0.41240433712301994	0.2939158115900402	0.1707484250886281	0.12265146797943986	5.1899947E-4	2.872E-8	0.0010893345	0.001360774	0.005833566	0.05	16
15	31775329	32162992	ENSG00000169918	122	0.8184238603802108	0.41240433712301994	0.2939158115900402	0.1707484250886281	0.12265146797943986	0.00599994	3.076E-8	0.018220305	0.01968199	0.0075059533	0.05	17
15	31775329	32162992	ENSG00000169918	122	0.8184238603802108	0.41240433712301994	0.2939158115900402	0.1707484250886281	0.12265146797943986	0.10200898	3.478E-8	0.22433352	0.19349897	0.11621177	0.05	18
15	31775329	32162992	ENSG00000169918	122	0.8184238603802108	0.41240433712301994	0.2939158115900402	0.1707484250886281	0.12265146797943986	0.08897911	3.124E-8	0.13799232	0.08115542	0.020302773	0.05	19
15	31775329	32162992	ENSG00000169918	122	0.8184238603802108	0.41240433712301994	0.2939158115900402	0.1707484250886281	0.12265146797943986	0.006679933	3.313E-8	0.008968353	0.0030298233	9.4103813E-4	0.05	20
15	31775329	32162992	ENSG00000169918	122	0.8184238603802108	0.41240433712301994	0.2939158115900402	0.1707484250886281	0.12265146797943986	0.007219928	2.911E-8	0.004711628	2.6589632E-4	5.1259995E-5	0.05	21
15	31775329	32162992	ENSG00000169918	122	0.8184238603802108	0.41240433712301994	0.2939158115900402	0.1707484250886281	0.12265146797943986	0.00498995	2.282E-8	0.01698494	0.0025646687	5.1921606E-4	0.05	22
15	31775329	32162992	ENSG00000169918	122	0.8184238603802108	0.41240433712301994	0.2939158115900402	0.1707484250886281	0.12265146797943986	0.0028199719	2.86E-8	0.009643793	0.011782885	0.009375989	0.05	23
15	31775329	32162992	ENSG00000169918	122	0.8184238603802108	0.41240433712301994	0.2939158115900402	0.1707484250886281	0.12265146797943986	0.0015299848	3.469E-8	0.0029030442	0.0015671253	0.0046243668	0.05	24
15	31775329	32162992	ENSG00000169918	122	0.8184238603802108	0.41240433712301994	0.2939158115900402	0.1707484250886281	0.12265146797943986	1.2599987E-4	2.843E-8	5.7560205E-4	2.2214651E-4	2.7883053E-4	0.05	25
15	31775329	32162992	ENSG00000169918	122	0.8184238603802108	0.41240433712301994	0.2939158115900402	0.1707484250886281	0.12265146797943986	0.10440896	3.148E-8	0.21661776	0.07248801	0.0110523105	0.05	26
15	31775329	32162992	ENSG00000169918	122	0.8184238603802108	0.41240433712301994	0.2939158115900402	0.1707484250886281	0.12265146797943986	0.08746912	3.059E-8	0.23781842	0.10350424	0.056521237	0.05	27
15	31775329	32162992	ENSG00000169918	122	0.8184238603802108	0.41240433712301994	0.2939158115900402	0.1707484250886281	0.12265146797943986	0.103896104	2.894E-8	0.42281765	0.11490244	0.020399392	0.05	28
15	31775329	32162992	ENSG00000169918	122	0.8184238603802108	0.41240433712301994	0.2939158115900402	0.1707484250886281	0.12265146797943986	0.0012599874	2.895E-8	1.3911724E-4	1.0716915E-4	0.0018683076	0.05	29
15	31775329	32162992	ENSG00000169918	122	0.8184238603802108	0.41240433712301994	0.2939158115900402	0.1707484250886281	0.12265146797943986	0.016959831	3.357E-8	0.030204713	0.024437845	0.022173882	0.05	30
15	31775329	32162992	ENSG00000169918	122	0.8184238603802108	0.41240433712301994	0.2939158115900402	0.1707484250886281	0.12265146797943986	0.10489511	3.094E-8	0.18247324	0.04321134	0.031651437	0.05	31
15	31775329	32162992	ENSG00000169918	122	0.8184238603802108	0.41240433712301994	0.2939158115900402	0.1707484250886281	0.12265146797943986	1.999998E-6	1.99E-8	2.7418137E-6	2.4205446E-4	3.6758184E-4	0.05	32
15	31775329	32162992	ENSG00000169918	122	0.8184238603802108	0.41240433712301994	0.2939158115900402	0.1707484250886281	0.12265146797943986	5.999994E-6	3.441E-8	6.2704086E-5	0.0032907128	0.0015972257	0.05	33
15	31775329	32162992	ENSG00000169918	122	0.8184238603802108	0.41240433712301994	0.2939158115900402	0.1707484250886281	0.12265146797943986	0.14985014	2.834E-8	0.15076393	0.048824668	0.014786959	0.05	34
15	31775329	32162992	ENSG00000169918	122	0.8184238603802108	0.41240433712301994	0.2939158115900402	0.1707484250886281	0.12265146797943986	0.0042499574	2.924E-8	4.6616793E-4	3.5822392E-4	0.010886431	0.05	35
15	31775329	32162992	ENSG00000169918	122	0.8184238603802108	0.41240433712301994	0.2939158115900402	0.1707484250886281	0.12265146797943986	0.0018099819	3.322E-8	3.6919117E-4	4.0245056E-4	0.004611075	0.05	36
15	31775329	32162992	ENSG00000169918	122	0.8184238603802108	0.41240433712301994	0.2939158115900402	0.1707484250886281	0.12265146797943986	0.0066299336	3.361E-8	0.06843883	0.023956776	0.016847074	0.05	37
15	31775329	32162992	ENSG00000169918	122	0.8184238603802108	0.41240433712301994	0.2939158115900402	0.1707484250886281	0.12265146797943986	6.889993E-4	2.898E-8	0.012295842	0.0041503906	0.00522393	0.05	38
15	31775329	32162992	ENSG00000169918	122	0.8184238603802108	0.41240433712301994	0.2939158115900402	0.1707484250886281	0.12265146797943986	0.002199978	3.506E-8	0.0016229153	0.0012106299	4.556179E-4	0.05	39
15	31775329	32162992	ENSG00000169918	122	0.8184238603802108	0.41240433712301994	0.2939158115900402	0.1707484250886281	0.12265146797943986	3.1999967E-5	3.405E-8	1.4019012E-4	0.0013687015	0.005139053	0.05	40
15	31775329	32162992	ENSG00000169918	122	0.8184238603802108	0.41240433712301994	0.2939158115900402	0.1707484250886281	0.12265146797943986	1.999998E-6	2.979E-8	6.9737434E-6	0.0048341155	0.024449825	0.05	41
15	31775329	32162992	ENSG00000169918	122	0.8184238603802108	0.41240433712301994	0.2939158115900402	0.1707484250886281	0.12265146797943986	0.0013499865	3.173E-8	1.2099743E-5	9.536743E-6	1.3303757E-4	0.05	42
15	31775329	32162992	ENSG00000169918	122	0.8184238603802108	0.41240433712301994	0.2939158115900402	0.1707484250886281	0.12265146797943986	1.999998E-6	3.227E-9	6.020069E-6	0.0028762817	0.003983915	0.05	43
15	31775329	32162992	ENSG00000169918	122	0.8184238603802108	0.41240433712301994	0.2939158115900402	0.1707484250886281	0.12265146797943986	1.999998E-6	3.034E-8	1.4543533E-5	0.0014466047	0.0071157813	0.05	44
15	31775329	32162992	ENSG00000169918	122	0.8184238603802108	0.41240433712301994	0.2939158115900402	0.1707484250886281	0.12265146797943986	7.189993E-4	2.795E-8	2.952218E-4	8.928776E-5	0.0010798573	0.05	45
15	31775329	32162992	ENSG00000169918	122	0.8184238603802108	0.41240433712301994	0.2939158115900402	0.1707484250886281	0.12265146797943986	1.999998E-6	3.169E-8	1.4722347E-5	2.69413E-5	5.8496E-4	0.05	46
15	31775329	32162992	ENSG00000169918	122	0.8184238603802108	0.41240433712301994	0.2939158115900402	0.1707484250886281	0.12265146797943986	1.4999985E-5	1.185E-8	7.325411E-5	8.7690353E-4	0.0017089844	0.05	47
15	31775329	32162992	ENSG00000169918	122	0.8184238603802108	0.41240433712301994	0.2939158115900402	0.1707484250886281	0.12265146797943986	3.4999965E-5	2.274E-8	4.9591064E-5	1.847744E-5	1.6361475E-4	0.05	48
15	31775329	32162992	ENSG00000169918	122	0.8184238603802108	0.41240433712301994	0.2939158115900402	0.1707484250886281	0.12265146797943986	4.999995E-6	3.658E-9	5.5849552E-5	0.0013187528	0.00970459	0.05	49
15	31775329	32162992	ENSG00000169918	122	0.8184238603802108	0.41240433712301994	0.2939158115900402	0.1707484250886281	0.12265146797943986	0.004089959	3.477E-8	0.029521883	0.022159636	0.023789346	0.05	50
15	31775329	32162992	ENSG00000169918	122	0.8184238603802108	0.41240433712301994	0.2939158115900402	0.1707484250886281	0.12265146797943986	9.99999E-7	7.392E-9	4.172325E-7	1.3834238E-4	0.0015093684	0.05	51
15	31775329	32162992	ENSG00000169918	122	0.8184238603802108	0.41240433712301994	0.2939158115900402	0.1707484250886281	0.12265146797943986	0.0017599824	3.495E-8	0.009745836	0.002529323	7.2187185E-4	0.05	52
15	31775329	32162992	ENSG00000169918	122	0.8184238603802108	0.41240433712301994	0.2939158115900402	0.1707484250886281	0.12265146797943986	1.999998E-6	3.759E-9	6.4969063E-6	1.7726421E-4	8.506179E-4	0.05	53
15	31775329	32162992	ENSG00000169918	122	0.8184238603802108	0.41240433712301994	0.2939158115900402	0.1707484250886281	0.12265146797943986	9.99999E-7	2.989E-8	4.2915344E-6	4.708767E-5	6.278157E-4	0.05	54
15	31775329	32162992	ENSG00000169918	122	0.8184238603802108	0.41240433712301994	0.2939158115900402	0.1707484250886281	0.12265146797943986	1.999998E-6	3.487E-8	1.7642975E-5	0.0012392998	0.0010475516	0.05	55
15	31775329	32162992	ENSG00000169918	122	0.8184238603802108	0.41240433712301994	0.2939158115900402	0.1707484250886281	0.12265146797943986	5.3999946E-5	3.049E-8	5.406141E-4	0.0014224052	0.0010226369	0.05	56
15	31775329	32162992	ENSG00000169918	122	0.8184238603802108	0.41240433712301994	0.2939158115900402	0.1707484250886281	0.12265146797943986	3.999996E-6	1.446E-8	9.536743E-6	7.95722E-5	7.033348E-6	0.05	57
15	31775329	32162992	ENSG00000169918	122	0.8184238603802108	0.41240433712301994	0.2939158115900402	0.1707484250886281	0.12265146797943986	5.999994E-6	3.02E-8	1.4644861E-4	1.9049644E-4	0.0032898188	0.05	58
15	31775329	32162992	ENSG00000169918	122	0.8184238603802108	0.41240433712301994	0.2939158115900402	0.1707484250886281	0.12265146797943986	1.999998E-6	2.881E-8	1.9550323E-5	0.0034446716	0.0027239919	0.05	59
15	31775329	32162992	ENSG00000169918	122	0.8184238603802108	0.41240433712301994	0.2939158115900402	0.1707484250886281	0.12265146797943986	9.99999E-7	3.19E-8	7.1525574E-7	2.3841858E-6	2.4276972E-4	0.05	60
15	31775329	32162992	ENSG00000169918	122	0.8184238603802108	0.41240433712301994	0.2939158115900402	0.1707484250886281	0.12265146797943986	2.8999972E-5	2.806E-8	1.9150972E-4	1.347065E-5	2.7537346E-5	0.05	61
15	31775329	32162992	ENSG00000169918	122	0.8184238603802108	0.41240433712301994	0.2939158115900402	0.1707484250886281	0.12265146797943986	1.999998E-6	1.696E-8	8.761883E-6	1.0943413E-4	4.7928095E-4	0.05	62
15	31775329	32162992	ENSG00000169918	122	0.8184238603802108	0.41240433712301994	0.2939158115900402	0.1707484250886281	0.12265146797943986	0.02098979	2.875E-8	0.1269607	0.0127747655	0.0027171373	0.05	63
15	31775329	32162992	ENSG00000169918	122	0.8184238603802108	0.41240433712301994	0.2939158115900402	0.1707484250886281	0.12265146797943986	2.2499978E-4	2.8E-8	0.004386902	9.790659E-4	8.688569E-4	0.05	64
15	31775329	32162992	ENSG00000169918	122	0.8184238603802108	0.41240433712301994	0.2939158115900402	0.1707484250886281	0.12265146797943986	0.012929871	3.437E-8	0.16859776	0.13502395	0.084056914	0.05	65
15	31775329	32162992	ENSG00000169918	122	0.8184238603802108	0.41240433712301994	0.2939158115900402	0.1707484250886281	0.12265146797943986	0.081299186	2.755E-8	0.4170313	0.22366118	0.055908382	0.05	66
15	31775329	32162992	ENSG00000169918	122	0.8184238603802108	0.41240433712301994	0.2939158115900402	0.1707484250886281	0.12265146797943986	4.2999956E-5	3.053E-8	8.2194805E-5	1.603365E-5	1.6629696E-5	0.05	67
15	31775329	32162992	ENSG00000169918	122	0.8184238603802108	0.41240433712301994	0.2939158115900402	0.1707484250886281	0.12265146797943986	3.1999967E-5	3.136E-8	1.0770559E-4	8.69751E-4	6.2036514E-4	0.05	68
15	31775329	32162992	ENSG00000169918	122	0.8184238603802108	0.41240433712301994	0.2939158115900402	0.1707484250886281	0.12265146797943986	2.6299973E-4	3.524E-8	7.728934E-4	0.0019058585	0.002667725	0.05	69
15	31775329	32162992	ENSG00000169918	122	0.8184238603802108	0.41240433712301994	0.2939158115900402	0.1707484250886281	0.12265146797943986	0.0019299807	3.266E-8	0.007009864	0.0084005	0.009121001	0.05	70
15	31775329	32162992	ENSG00000169918	122	0.8184238603802108	0.41240433712301994	0.2939158115900402	0.1707484250886281	0.12265146797943986	8.599991E-5	2.712E-8	6.315708E-4	7.271767E-5	2.4151802E-4	0.05	71
15	31775329	32162992	ENSG00000169918	122	0.8184238603802108	0.41240433712301994	0.2939158115900402	0.1707484250886281	0.12265146797943986	6.999993E-6	2.756E-8	4.10676E-5	0.0012245774	8.357167E-4	0.05	72
15	31775329	32162992	ENSG00000169918	122	0.8184238603802108	0.41240433712301994	0.2939158115900402	0.1707484250886281	0.12265146797943986	0.05323947	3.13E-8	0.3562904	0.30625206	0.13009459	0.05	73
15	31775329	32162992	ENSG00000169918	122	0.8184238603802108	0.41240433712301994	0.2939158115900402	0.1707484250886281	0.12265146797943986	0.0015299985	3.162E-8	0.015692055	0.003963828	0.006891191	0.05	74
15	31775329	32162992	ENSG00000169918	122	0.8184238603802108	0.41240433712301994	0.2939158115900402	0.1707484250886281	0.12265146797943986	3.879996E-4	2.724E-8	0.0042672753	5.053878E-4	0.0014505386	0.05	75
15	31775329	32162992	ENSG00000169918	122	0.8184238603802108	0.41240433712301994	0.2939158115900402	0.1707484250886281	0.12265146797943986	9.99999E-6	2.709E-8	6.568432E-5	0.002313435	0.0052965283	0.05	76
15	31775329	32162992	ENSG00000169918	122	0.8184238603802108	0.41240433712301994	0.2939158115900402	0.1707484250886281	0.12265146797943986	0.34165835	3.0E-8	0.8472306	0.8088916	0.74292123	0.05	77
15	31775329	32162992	ENSG00000169918	122	0.8184238603802108	0.41240433712301994	0.2939158115900402	0.1707484250886281	0.12265146797943986	3.6499964E-4	2.754E-8	0.004269302	0.001196146	6.007552E-4	0.05	78
15	31775329	32162992	ENSG00000169918	122	0.8184238603802108	0.41240433712301994	0.2939158115900402	0.1707484250886281	0.12265146797943986	0.40959042	2.83E-8	0.84946394	0.7697314	0.6308074	0.05	79
15	31775329	32162992	ENSG00000169918	122	0.8184238603802108	0.41240433712301994	0.2939158115900402	0.1707484250886281	0.12265146797943986	7.999992E-6	2.68E-8	5.4180622E-5	3.6638975E-4	4.3576956E-4	0.05	80
15	31775329	32162992	ENSG00000169918	122	0.8184238603802108	0.41240433712301994	0.2939158115900402	0.1707484250886281	0.12265146797943986	5.3999946E-5	2.93E-8	7.081032E-5	4.476309E-5	6.765127E-4	0.05	81
15	31775329	32162992	ENSG00000169918	122	0.8184238603802108	0.41240433712301994	0.2939158115900402	0.1707484250886281	0.12265146797943986	4.049996E-4	3.017E-8	6.149411E-4	1.7136335E-4	4.6610832E-5	0.05	82
15	31775329	32162992	ENSG00000169918	122	0.8184238603802108	0.41240433712301994	0.2939158115900402	0.1707484250886281	0.12265146797943986	0.017569825	2.858E-8	0.1899840